A+B esta funcnionando
let prog1 = [(0,2),(1,240),(2,14),(3,241),(4,4),(5,251),(6,20),(7,18),(240,0),(241,1),(251,0)]
A+B-2 não esta bom
let prog2 = [(0,2),(1,240),(2,14),(3,241),(4,4),(5,246),(6,16),(7,242),(8,16),(9,246),(10,4),(11,251),(12,20),(13,18),(240,28),(241,1),(242,2),(246, 29),(251,0)]
FUNCIONOU A+B-2
let prog2 = [(0,2),(1,240),(2,14),(3,241),(4,16),(5,242),(6,4),(7,251),(8,20),(9,18),(240,28),(241,1),(242,2),(251,0)]
A*B 
let prog3 = [(0,2), (1,240), (2,2), (3,241),(4, 14),(5,241),(6,2),(7,240),(8,16),(9,241),(10, 8),(11,4),(12, 4),(13,251), (14,20),(15,18),(240,2),(241,12),(242,1),(251,0)]
let prog3 = [(0,2),(1,240),(2,4),(3,245),(4,2),(5,241),(6,4),(7,246),(8,2),(9,247),(10,4),(11,251),(12,2),(13,245),(14,14),(15,251),(16,4),(17,251),(18,2),(19,246),(20,16),(21,247),(22,4),(23,246),(24,10),(25,247),(26,8),(27,30),(28,6),(29,12),(30,20),(240,28),(241,3),(245,0),(246,0),(247,1),(251,0)]
let prog3 = [(0,2),(1,240), (2,4), (3,245), (4,2),(5,245), (6,14), (7,251),(8,4),(9,251),(10,2),(11,241),(12,16),(13,247),(14,4),(15,246), (16,10),(17,244),(18,8),(19,22),(20,6),(21,4),(22,20),(23,18),(240,28),(241,4),(244,0),(245,0),(246,0),(247,1),(251,0)]
let prog3 = [(0,2),(1,240),(2,4), (3,245),(4,2),(5,245),(6,14),(7,247)(8,20),(9,18),(240,28),(241,4),(244,0),(245,0),(246,0),(247,1),(251,0)]